[[6.22 0.67 0.78 0.01 0.   0.38 0.77 0.03 0.14 1.  ]
 [0.02 6.94 0.7  0.3  0.2  0.5  0.3  0.1  0.   0.94]
 [0.   0.23 8.07 0.   0.   0.34 0.53 0.73 0.03 0.07]
 [0.38 0.   0.   6.5  0.   0.65 1.   1.   0.   0.47]
 [0.68 0.98 0.96 0.   6.25 0.   0.09 0.45 0.32 0.27]
 [1.   0.   0.4  0.05 1.   6.3  0.08 0.37 0.28 0.52]
 [0.17 0.   1.   0.   0.   0.   7.73 0.32 0.77 0.01]
 [0.   0.4  0.   0.   0.48 0.2  0.52 6.4  1.   1.  ]
 [0.17 0.9  0.55 0.6  0.83 0.   0.1  0.   5.98 0.87]
 [0.49 1.   0.   0.7   0.51 0.  0.3  1.   1.   5.  ]]
[[0.4142463  0.47021272 0.4142463  0.09949874 0.         0.48538644
  0.42083251 0.17058722 1.16636186 0.        ]
 [0.14       0.31048349 0.         0.         0.         0.
  0.         0.3        0.         0.23748684]
 [0.         0.42083251 0.99252204 0.         0.         0.47370877
  0.49909919 0.44395946 0.17058722 0.6819824 ]
 [0.57930993 0.         0.         0.51961524 0.         0.57227616
  0.         0.         0.         0.51874849]
 [0.46647615 0.14       0.19595918 0.         0.4330127  0.
  0.28618176 0.57227616 0.46647615 0.44395946]
 [0.         0.         0.48989795 0.21794495 0.         0.51961524
  0.62737549 0.48280431 0.44899889 0.49959984]
 [0.51097945 0.         0.         0.         0.         0.
  0.5450688  0.46647615 0.42083251 0.09949874]
 [0.         0.48989795 0.         0.         0.49959984 0.4
  0.49959984 0.6164414  0.         0.        ]
 [0.47021272 0.         0.75332596 0.48989795 0.3756328  0.
  0.         0.         0.14       0.33630343]
 [0.49989999 0.         0.         0.         0.49989999 0.
  0.         0.         0.         0.        ]]
0.6639
0.04491005227253821
