[[7.48 0.85 0.38 0.2  0.04 0.   0.46 0.   0.   0.59]
 [0.04 6.84 0.12 0.02 0.   0.99 0.33 0.96 0.   0.7 ]
 [0.27 0.19 7.98 0.37 0.36 0.   0.37 0.12 0.   0.34]
 [0.1  0.36 0.03 8.   0.   0.37 1.   0.   0.14 0.  ]
 [0.02 0.48 0.38 0.1  6.67 0.24 0.79 0.89 0.53 0.  ]
 [0.96 0.95 0.   0.05 0.   6.16 0.04 0.84 1.   0.  ]
 [0.34 0.1  0.41 0.09 0.35 0.   6.81 1.   0.   1.  ]
 [0.15 0.43 0.07 0.06 0.96 0.   0.   6.76 1.   0.57]
 [0.3  0.   0.7  0.01 0.48 0.02 0.5  0.5  7.07 0.42]
 [0.   1.   0.   0.76 0.59 0.21 0.03 0.41 0.47 6.53]]
[[0.68527367 0.45552168 0.48538644 0.         0.19595918 0.
  0.55172457 0.         0.         0.49183331]
 [0.19595918 0.36660606 0.32496154 0.24413111 0.         0.09949874
  0.58403767 0.19595918 0.         0.45825757]
 [0.         0.3923009  0.14       0.6244998  0.42708313 0.
  0.48280431 0.         0.         0.        ]
 [0.3        0.71442284 0.17058722 0.         0.         0.48280431
  0.         0.         0.34698703 0.        ]
 [0.14       0.14       0.48538644 0.84261498 1.30426224 0.49234135
  0.40730824 0.31288976 0.49909919 0.        ]
 [0.19595918 0.25980762 0.         0.25980762 0.         0.36660606
  0.19595918 0.36660606 0.         0.        ]
 [0.681469   0.5        0.28618176 0.28618176 0.66895441 0.
  0.48363209 0.         0.         0.        ]
 [0.35707142 0.49507575 0.88605869 0.23748684 0.19595918 0.
  0.         0.82607506 0.         0.49507575]
 [0.         0.         0.         0.09949874 0.14       0.14
  0.         0.         0.25514702 0.2712932 ]
 [0.         0.         0.         0.58514955 0.         0.40730824
  0.78044859 0.         0.49909919 0.49909919]]
0.70300000000000004
0.04926701376401006
