[[5.79 0.3  0.38 0.68 0.7  0.31 0.29 0.68 0.24 0.63]
 [1.15 6.29 0.01 0.68 0.07 0.57 0.62 0.   0.   0.61]
 [0.37 0.33 5.61 0.68 0.5  0.69 0.57 0.69 0.24 0.32]
 [0.43 0.   0.68 5.99 0.   0.84 1.   0.69 0.   0.37]
 [0.44 0.   0.02 0.38 8.3  0.   0.06 0.   0.5  0.3 ]
 [0.65 1.   0.   0.05 0.68 7.11 0.   0.47 0.   0.04]
 [0.69 0.73 0.99 0.   0.03 1.   5.13 0.29 0.41 0.73]
 [0.33 0.32 0.38 0.62 0.36 0.32 0.28 6.5  0.02 0.47]
 [0.68 0.98 0.67 0.   0.38 0.32 0.08 0.99 5.5  0.4 ]
 [0.37 0.   0.31 0.36 0.25 1.   0.4  0.92 0.57 5.82]]
[[0.47528939 0.47958315 0.91411159 0.46647615 0.45825757 0.46249324
  0.45376205 0.46647615 0.42708313 0.9343982 ]
 [1.35922772 0.45376205 0.17291616 0.46647615 0.25514702 0.89727365
  0.91411159 0.         0.         0.61473572]
 [0.92363413 0.49101935 0.93696318 0.46647615 0.8660254  0.46249324
  0.86319175 0.46249324 0.42708313 0.46647615]
 [0.91929321 0.         0.46647615 0.09949874 0.         2.7118997
  0.         0.46249324 0.         0.92363413]
 [2.2861321  0.         0.14       0.91411159 1.94679223 0.
  0.23748684 0.         0.8660254  0.45825757]
 [0.95262794 0.         0.         0.29580399 0.46647615 0.90437824
  0.         0.17058722 0.         1.39942845]
 [0.46249324 0.44395946 0.09949874 0.         0.29849623 0.
  0.92363413 0.51565492 1.35716617 1.85394175]
 [0.50705029 0.46647615 0.91411159 0.92498649 0.9329523  0.46647615
  0.44899889 0.46647615 0.14       0.17058722]
 [0.46647615 0.14       0.49101935 0.         0.91411159 0.46647615
  0.2712932  0.09949874 0.8660254  0.63245553]
 [0.92363413 0.         0.46249324 0.9329523  0.4330127  0.
  0.63245553 0.2712932  0.86319175 0.46647615]]
0.6204
0.07072819515982015
